135:1:[135, 193, 234, 266, 274, 286, 287, 288, 290, 294, 295, 296]
193:1:[135, 193, 234, 266, 274, 286, 287, 288, 290, 294, 295, 296]
234:1:[135, 193, 234, 266, 274, 286, 287, 288, 290, 294, 295, 296]
266:1:[135, 193, 234, 266, 274, 286, 287, 288, 290, 294, 295, 296]
274:1:[135, 193, 234, 266, 274, 286, 287, 288, 290, 294, 295, 296]
286:1:[135, 193, 234, 266, 274, 286, 287, 288, 290, 294, 295, 296]
287:1:[135, 193, 234, 266, 274, 286, 287, 288, 290, 294, 295, 296]
3:2:[3, 19, 24, 150, 253, 254, 269, 285, 296]
19:2:[3, 19, 24, 150, 253, 254, 269, 285, 296]
24:2:[3, 19, 24, 150, 253, 254, 269, 285, 296]
150:2:[3, 19, 24, 150, 253, 254, 269, 285, 296]
253:2:[3, 19, 24, 150, 253, 254, 269, 285, 296]
256:3:[225, 256, 275, 289, 293]
275:3:[225, 256, 275, 289, 293]
225:3:[225, 256, 275, 289, 293]
252:4:[27, 69, 238, 252, 289, 295]
27:4:[27, 69, 238, 252, 289, 295]
69:4:[27, 69, 238, 252, 289, 295]
238:4:[27, 69, 238, 252, 289, 295]
232:5:[232, 289, 292]
289:5:[232, 289, 292]
15:6:[15, 59, 71, 80, 129, 152, 168, 180, 212, 270, 287, 291, 296]
59:6:[15, 59, 71, 80, 129, 152, 168, 180, 212, 270, 287, 291, 296]
71:6:[15, 59, 71, 80, 129, 152, 168, 180, 212, 270, 287, 291, 296]
80:6:[15, 59, 71, 80, 129, 152, 168, 180, 212, 270, 287, 291, 296]
129:6:[15, 59, 71, 80, 129, 152, 168, 180, 212, 270, 287, 291, 296]
152:6:[15, 59, 71, 80, 129, 152, 168, 180, 212, 270, 287, 291, 296]
168:6:[15, 59, 71, 80, 129, 152, 168, 180, 212, 270, 287, 291, 296]
286:7:[255, 286]
255:7:[255, 286]
120:8:[57, 119, 120, 131, 140, 205, 253, 285, 287, 291, 292, 293, 296]
131:8:[57, 119, 120, 131, 140, 205, 253, 285, 287, 291, 292, 293, 296]
140:8:[57, 119, 120, 131, 140, 205, 253, 285, 287, 291, 292, 293, 296]
205:8:[57, 119, 120, 131, 140, 205, 253, 285, 287, 291, 292, 293, 296]
253:8:[57, 119, 120, 131, 140, 205, 253, 285, 287, 291, 292, 293, 296]
57:8:[57, 119, 120, 131, 140, 205, 253, 285, 287, 291, 292, 293, 296]
119:8:[57, 119, 120, 131, 140, 205, 253, 285, 287, 291, 292, 293, 296]
28:9:[28, 52, 76, 151, 290]
52:9:[28, 52, 76, 151, 290]
76:9:[28, 52, 76, 151, 290]
39:10:[39, 103, 216, 249, 256, 281, 288, 294]
103:10:[39, 103, 216, 249, 256, 281, 288, 294]
216:10:[39, 103, 216, 249, 256, 281, 288, 294]
249:10:[39, 103, 216, 249, 256, 281, 288, 294]
256:10:[39, 103, 216, 249, 256, 281, 288, 294]
275:11:[42, 275, 296]
42:11:[42, 275, 296]
191:12:[63, 109, 191, 237, 245, 278, 283, 292]
237:12:[63, 109, 191, 237, 245, 278, 283, 292]
245:12:[63, 109, 191, 237, 245, 278, 283, 292]
63:12:[63, 109, 191, 237, 245, 278, 283, 292]
109:12:[63, 109, 191, 237, 245, 278, 283, 292]
20:13:[20, 45, 87, 289, 291, 292, 295, 296]
45:13:[20, 45, 87, 289, 291, 292, 295, 296]
87:13:[20, 45, 87, 289, 291, 292, 295, 296]
289:13:[20, 45, 87, 289, 291, 292, 295, 296]
291:13:[20, 45, 87, 289, 291, 292, 295, 296]
17:14:[17, 50, 237, 245, 276, 278, 283, 286, 290]
50:14:[17, 50, 237, 245, 276, 278, 283, 286, 290]
237:14:[17, 50, 237, 245, 276, 278, 283, 286, 290]
245:14:[17, 50, 237, 245, 276, 278, 283, 286, 290]
276:14:[17, 50, 237, 245, 276, 278, 283, 286, 290]
11:15:[11, 100, 133, 256, 270, 289, 293]
100:15:[11, 100, 133, 256, 270, 289, 293]
133:15:[11, 100, 133, 256, 270, 289, 293]
256:15:[11, 100, 133, 256, 270, 289, 293]
25:16:[25, 112, 144, 247, 287, 289, 290, 291, 292, 296]
112:16:[25, 112, 144, 247, 287, 289, 290, 291, 292, 296]
144:16:[25, 112, 144, 247, 287, 289, 290, 291, 292, 296]
247:16:[25, 112, 144, 247, 287, 289, 290, 291, 292, 296]
287:16:[25, 112, 144, 247, 287, 289, 290, 291, 292, 296]
289:16:[25, 112, 144, 247, 287, 289, 290, 291, 292, 296]
85:17:[85, 241, 270, 286, 289, 291, 293, 296]
241:17:[85, 241, 270, 286, 289, 291, 293, 296]
270:17:[85, 241, 270, 286, 289, 291, 293, 296]
286:17:[85, 241, 270, 286, 289, 291, 293, 296]
289:17:[85, 241, 270, 286, 289, 291, 293, 296]
4:18:[4, 48, 134, 142, 173, 265, 283, 294]
48:18:[4, 48, 134, 142, 173, 265, 283, 294]
134:18:[4, 48, 134, 142, 173, 265, 283, 294]
142:18:[4, 48, 134, 142, 173, 265, 283, 294]
173:18:[4, 48, 134, 142, 173, 265, 283, 294]
171:19:[171, 253, 283, 285, 292, 296]
253:19:[171, 253, 283, 285, 292, 296]
283:19:[171, 253, 283, 285, 292, 296]
285:19:[171, 253, 283, 285, 292, 296]
9:20:[9, 286, 291, 293, 296]
286:20:[9, 286, 291, 293, 296]
291:20:[9, 286, 291, 293, 296]
254:21:[254, 256, 258, 289, 293]
256:21:[254, 256, 258, 289, 293]
258:21:[254, 256, 258, 289, 293]
114:22:[114, 275, 288, 289, 292, 293]
275:22:[114, 275, 288, 289, 292, 293]
288:22:[114, 275, 288, 289, 292, 293]
289:22:[114, 275, 288, 289, 292, 293]
62:23:[62, 260, 289, 292]
260:23:[62, 260, 289, 292]
289:23:[62, 260, 289, 292]
254:24:[254, 258, 289, 291, 292, 293, 296]
258:24:[254, 258, 289, 291, 292, 293, 296]
289:24:[254, 258, 289, 291, 292, 293, 296]
291:24:[254, 258, 289, 291, 292, 293, 296]
30:25:[30, 46, 185, 200, 288, 295]
46:25:[30, 46, 185, 200, 288, 295]
185:25:[30, 46, 185, 200, 288, 295]
200:25:[30, 46, 185, 200, 288, 295]
209:26:[209, 236, 265]
236:26:[209, 236, 265]
84:27:[84, 209, 254, 258, 265, 295]
209:27:[84, 209, 254, 258, 265, 295]
254:27:[84, 209, 254, 258, 265, 295]
258:27:[84, 209, 254, 258, 265, 295]
32:28:[32, 81, 238, 275, 281, 287]
81:28:[32, 81, 238, 275, 281, 287]
238:28:[32, 81, 238, 275, 281, 287]
275:28:[32, 81, 238, 275, 281, 287]
2:29:[2, 31, 143, 286, 287, 291, 296]
31:29:[2, 31, 143, 286, 287, 291, 296]
143:29:[2, 31, 143, 286, 287, 291, 296]
286:29:[2, 31, 143, 286, 287, 291, 296]
6:30:[6, 262, 294, 296]
262:30:[6, 262, 294, 296]
294:30:[6, 262, 294, 296]
93:31:[93, 234]
234:31:[93, 234]
72:32:[72, 163, 184, 292, 294]
163:32:[72, 163, 184, 292, 294]
184:32:[72, 163, 184, 292, 294]
67:33:[67, 240, 281, 288, 294]
240:33:[67, 240, 281, 288, 294]
281:33:[67, 240, 281, 288, 294]
14:34:[14, 33, 98, 262, 289, 292, 294, 295, 296]
33:34:[14, 33, 98, 262, 289, 292, 294, 295, 296]
98:34:[14, 33, 98, 262, 289, 292, 294, 295, 296]
262:34:[14, 33, 98, 262, 289, 292, 294, 295, 296]
289:34:[14, 33, 98, 262, 289, 292, 294, 295, 296]
12:35:[12, 55, 106, 213, 214, 288, 295]
55:35:[12, 55, 106, 213, 214, 288, 295]
106:35:[12, 55, 106, 213, 214, 288, 295]
213:35:[12, 55, 106, 213, 214, 288, 295]
174:36:[174, 197, 216, 285, 291, 293, 296]
197:36:[174, 197, 216, 285, 291, 293, 296]
216:36:[174, 197, 216, 285, 291, 293, 296]
285:36:[174, 197, 216, 285, 291, 293, 296]
107:37:[107, 265, 275, 281, 294]
265:37:[107, 265, 275, 281, 294]
275:37:[107, 265, 275, 281, 294]
29:38:[29, 170, 275, 293]
170:38:[29, 170, 275, 293]
275:38:[29, 170, 275, 293]
102:39:[102, 128, 188, 255, 281, 287, 290, 294, 296]
128:39:[102, 128, 188, 255, 281, 287, 290, 294, 296]
188:39:[102, 128, 188, 255, 281, 287, 290, 294, 296]
255:39:[102, 128, 188, 255, 281, 287, 290, 294, 296]
281:39:[102, 128, 188, 255, 281, 287, 290, 294, 296]
43:40:[43, 126, 251, 274, 292, 293, 295]
126:40:[43, 126, 251, 274, 292, 293, 295]
251:40:[43, 126, 251, 274, 292, 293, 295]
274:40:[43, 126, 251, 274, 292, 293, 295]
47:41:[47, 56, 232, 251, 295]
56:41:[47, 56, 232, 251, 295]
232:41:[47, 56, 232, 251, 295]
89:42:[89, 205, 240, 288, 294]
205:42:[89, 205, 240, 288, 294]
240:42:[89, 205, 240, 288, 294]
68:43:[68, 97, 281, 288, 291, 292, 294, 296]
97:43:[68, 97, 281, 288, 291, 292, 294, 296]
281:43:[68, 97, 281, 288, 291, 292, 294, 296]
288:43:[68, 97, 281, 288, 291, 292, 294, 296]
291:43:[68, 97, 281, 288, 291, 292, 294, 296]
1:44:[1, 198, 286, 290, 291, 296]
198:44:[1, 198, 286, 290, 291, 296]
286:44:[1, 198, 286, 290, 291, 296]
290:44:[1, 198, 286, 290, 291, 296]
66:45:[66, 99, 108, 291, 296]
99:45:[66, 99, 108, 291, 296]
108:45:[66, 99, 108, 291, 296]
22:46:[22, 74, 115, 116, 157, 289, 290, 292]
74:46:[22, 74, 115, 116, 157, 289, 290, 292]
115:46:[22, 74, 115, 116, 157, 289, 290, 292]
116:46:[22, 74, 115, 116, 157, 289, 290, 292]
157:46:[22, 74, 115, 116, 157, 289, 290, 292]
188:47:[44, 53, 188, 247]
44:47:[44, 53, 188, 247]
53:47:[44, 53, 188, 247]
266:48:[94, 111, 156, 266, 268, 291, 294, 296]
268:48:[94, 111, 156, 266, 268, 291, 294, 296]
94:48:[94, 111, 156, 266, 268, 291, 294, 296]
111:48:[94, 111, 156, 266, 268, 291, 294, 296]
156:48:[94, 111, 156, 266, 268, 291, 294, 296]
118:49:[118, 148, 159, 177, 266, 290, 292, 296]
148:49:[118, 148, 159, 177, 266, 290, 292, 296]
159:49:[118, 148, 159, 177, 266, 290, 292, 296]
177:49:[118, 148, 159, 177, 266, 290, 292, 296]
266:49:[118, 148, 159, 177, 266, 290, 292, 296]
5:50:[5, 182, 287, 288, 291, 296]
182:50:[5, 182, 287, 288, 291, 296]
287:50:[5, 182, 287, 288, 291, 296]
288:50:[5, 182, 287, 288, 291, 296]
8:51:[8, 90, 289]
90:51:[8, 90, 289]
83:52:[83, 88, 95, 147, 212, 281, 287]
88:52:[83, 88, 95, 147, 212, 281, 287]
95:52:[83, 88, 95, 147, 212, 281, 287]
147:52:[83, 88, 95, 147, 212, 281, 287]
164:53:[164, 197, 286, 291, 295, 296]
197:53:[164, 197, 286, 291, 295, 296]
286:53:[164, 197, 286, 291, 295, 296]
291:53:[164, 197, 286, 291, 295, 296]
18:54:[18, 61, 86, 132, 146, 241, 287, 288, 294]
61:54:[18, 61, 86, 132, 146, 241, 287, 288, 294]
86:54:[18, 61, 86, 132, 146, 241, 287, 288, 294]
132:54:[18, 61, 86, 132, 146, 241, 287, 288, 294]
146:54:[18, 61, 86, 132, 146, 241, 287, 288, 294]
77:55:[77, 104, 105, 186, 281, 287, 290]
104:55:[77, 104, 105, 186, 281, 287, 290]
105:55:[77, 104, 105, 186, 281, 287, 290]
186:55:[77, 104, 105, 186, 281, 287, 290]
162:56:[162, 248, 268, 291, 296]
248:56:[162, 248, 268, 291, 296]
268:56:[162, 248, 268, 291, 296]
291:57:[7, 41, 291, 293, 296]
7:57:[7, 41, 291, 293, 296]
41:57:[7, 41, 291, 293, 296]
251:58:[36, 101, 175, 251, 262, 287, 288, 290]
262:58:[36, 101, 175, 251, 262, 287, 288, 290]
36:58:[36, 101, 175, 251, 262, 287, 288, 290]
101:58:[36, 101, 175, 251, 262, 287, 288, 290]
175:58:[36, 101, 175, 251, 262, 287, 288, 290]
16:59:[16, 281, 285, 291, 292, 296]
281:59:[16, 281, 285, 291, 292, 296]
285:59:[16, 281, 285, 291, 292, 296]
291:59:[16, 281, 285, 291, 292, 296]
21:60:[21, 82, 220, 294]
82:60:[21, 82, 220, 294]
220:60:[21, 82, 220, 294]
191:61:[191, 260, 274, 277, 278, 283, 288, 289]
260:61:[191, 260, 274, 277, 278, 283, 288, 289]
274:61:[191, 260, 274, 277, 278, 283, 288, 289]
277:61:[191, 260, 274, 277, 278, 283, 288, 289]
278:61:[191, 260, 274, 277, 278, 283, 288, 289]
123:62:[123, 137, 260, 270, 276, 277, 278, 283, 289]
137:62:[123, 137, 260, 270, 276, 277, 278, 283, 289]
260:62:[123, 137, 260, 270, 276, 277, 278, 283, 289]
270:62:[123, 137, 260, 270, 276, 277, 278, 283, 289]
276:62:[123, 137, 260, 270, 276, 277, 278, 283, 289]
255:63:[255, 257, 277, 278, 283, 289, 292]
257:63:[255, 257, 277, 278, 283, 289, 292]
277:63:[255, 257, 277, 278, 283, 289, 292]
278:63:[255, 257, 277, 278, 283, 289, 292]
220:64:[193, 220, 255, 274, 288, 294, 295]
255:64:[193, 220, 255, 274, 288, 294, 295]
274:64:[193, 220, 255, 274, 288, 294, 295]
193:64:[193, 220, 255, 274, 288, 294, 295]
278:65:[35, 54, 217, 277, 278, 283, 289, 290, 292]
35:65:[35, 54, 217, 277, 278, 283, 289, 290, 292]
54:65:[35, 54, 217, 277, 278, 283, 289, 290, 292]
217:65:[35, 54, 217, 277, 278, 283, 289, 290, 292]
277:65:[35, 54, 217, 277, 278, 283, 289, 290, 292]
110:66:[110, 149, 183, 260, 262, 277, 278, 283, 290, 294]
149:66:[110, 149, 183, 260, 262, 277, 278, 283, 290, 294]
183:66:[110, 149, 183, 260, 262, 277, 278, 283, 290, 294]
260:66:[110, 149, 183, 260, 262, 277, 278, 283, 290, 294]
262:66:[110, 149, 183, 260, 262, 277, 278, 283, 290, 294]
277:66:[110, 149, 183, 260, 262, 277, 278, 283, 290, 294]
78:67:[78, 274, 277, 278, 283, 292]
274:67:[78, 274, 277, 278, 283, 292]
277:67:[78, 274, 277, 278, 283, 292]
278:67:[78, 274, 277, 278, 283, 292]
125:68:[125, 158, 179]
158:68:[125, 158, 179]
91:69:[91]
141:70:[124, 141, 294]
124:70:[124, 141, 294]
160:71:[160, 286, 288]
286:71:[160, 286, 288]
38:72:[38, 122, 153, 166, 169, 217]
122:72:[38, 122, 153, 166, 169, 217]
153:72:[38, 122, 153, 166, 169, 217]
166:72:[38, 122, 153, 166, 169, 217]
34:73:[34, 40, 267, 274, 288, 294, 295]
40:73:[34, 40, 267, 274, 288, 294, 295]
267:73:[34, 40, 267, 274, 288, 294, 295]
274:73:[34, 40, 267, 274, 288, 294, 295]
51:74:[51, 64, 121, 161, 167, 172, 207, 266, 289, 290, 294, 295]
64:74:[51, 64, 121, 161, 167, 172, 207, 266, 289, 290, 294, 295]
121:74:[51, 64, 121, 161, 167, 172, 207, 266, 289, 290, 294, 295]
161:74:[51, 64, 121, 161, 167, 172, 207, 266, 289, 290, 294, 295]
167:74:[51, 64, 121, 161, 167, 172, 207, 266, 289, 290, 294, 295]
172:74:[51, 64, 121, 161, 167, 172, 207, 266, 289, 290, 294, 295]
207:74:[51, 64, 121, 161, 167, 172, 207, 266, 289, 290, 294, 295]
267:75:[236, 265, 267, 295]
236:75:[236, 265, 267, 295]
265:75:[236, 265, 267, 295]
258:76:[127, 213, 225, 258, 285, 286, 291, 295]
285:76:[127, 213, 225, 258, 285, 286, 291, 295]
127:76:[127, 213, 225, 258, 285, 286, 291, 295]
213:76:[127, 213, 225, 258, 285, 286, 291, 295]
225:76:[127, 213, 225, 258, 285, 286, 291, 295]
155:77:[155, 266, 268, 294]
266:77:[155, 266, 268, 294]
268:77:[155, 266, 268, 294]
92:78:[92, 113, 145, 200, 294]
113:78:[92, 113, 145, 200, 294]
145:78:[92, 113, 145, 200, 294]
198:79:[165, 181, 198, 207, 295]
181:79:[165, 181, 198, 207, 295]
165:79:[165, 181, 198, 207, 295]
267:80:[267]
222:81:[139, 192, 211, 218, 222, 233, 271, 280, 282, 284, 293]
233:81:[139, 192, 211, 218, 222, 233, 271, 280, 282, 284, 293]
139:81:[139, 192, 211, 218, 222, 233, 271, 280, 282, 284, 293]
192:81:[139, 192, 211, 218, 222, 233, 271, 280, 282, 284, 293]
211:81:[139, 192, 211, 218, 222, 233, 271, 280, 282, 284, 293]
218:81:[139, 192, 211, 218, 222, 233, 271, 280, 282, 284, 293]
192:82:[192, 211, 218, 222, 233, 271, 276, 279, 280, 282, 284, 293]
211:82:[192, 211, 218, 222, 233, 271, 276, 279, 280, 282, 284, 293]
218:82:[192, 211, 218, 222, 233, 271, 276, 279, 280, 282, 284, 293]
222:82:[192, 211, 218, 222, 233, 271, 276, 279, 280, 282, 284, 293]
233:82:[192, 211, 218, 222, 233, 271, 276, 279, 280, 282, 284, 293]
271:82:[192, 211, 218, 222, 233, 271, 276, 279, 280, 282, 284, 293]
276:82:[192, 211, 218, 222, 233, 271, 276, 279, 280, 282, 284, 293]
250:83:[250, 259, 261, 263, 269, 271, 272, 273, 279, 280, 282, 284, 287]
259:83:[250, 259, 261, 263, 269, 271, 272, 273, 279, 280, 282, 284, 287]
261:83:[250, 259, 261, 263, 269, 271, 272, 273, 279, 280, 282, 284, 287]
263:83:[250, 259, 261, 263, 269, 271, 272, 273, 279, 280, 282, 284, 287]
269:83:[250, 259, 261, 263, 269, 271, 272, 273, 279, 280, 282, 284, 287]
271:83:[250, 259, 261, 263, 269, 271, 272, 273, 279, 280, 282, 284, 287]
272:83:[250, 259, 261, 263, 269, 271, 272, 273, 279, 280, 282, 284, 287]
259:84:[259, 261, 263, 264, 269, 271, 272, 273, 276, 279, 280, 282, 284, 287]
261:84:[259, 261, 263, 264, 269, 271, 272, 273, 276, 279, 280, 282, 284, 287]
263:84:[259, 261, 263, 264, 269, 271, 272, 273, 276, 279, 280, 282, 284, 287]
264:84:[259, 261, 263, 264, 269, 271, 272, 273, 276, 279, 280, 282, 284, 287]
269:84:[259, 261, 263, 264, 269, 271, 272, 273, 276, 279, 280, 282, 284, 287]
271:84:[259, 261, 263, 264, 269, 271, 272, 273, 276, 279, 280, 282, 284, 287]
272:84:[259, 261, 263, 264, 269, 271, 272, 273, 276, 279, 280, 282, 284, 287]
273:84:[259, 261, 263, 264, 269, 271, 272, 273, 276, 279, 280, 282, 284, 287]
196:85:[195, 196, 201, 242, 244, 267, 268, 273, 290, 293, 295]
201:85:[195, 196, 201, 242, 244, 267, 268, 273, 290, 293, 295]
242:85:[195, 196, 201, 242, 244, 267, 268, 273, 290, 293, 295]
244:85:[195, 196, 201, 242, 244, 267, 268, 273, 290, 293, 295]
267:85:[195, 196, 201, 242, 244, 267, 268, 273, 290, 293, 295]
195:85:[195, 196, 201, 242, 244, 267, 268, 273, 290, 293, 295]
267:86:[195, 196, 215, 242, 244, 257, 267, 268, 273, 290, 293, 295]
195:86:[195, 196, 215, 242, 244, 257, 267, 268, 273, 290, 293, 295]
196:86:[195, 196, 215, 242, 244, 257, 267, 268, 273, 290, 293, 295]
215:86:[195, 196, 215, 242, 244, 257, 267, 268, 273, 290, 293, 295]
242:86:[195, 196, 215, 242, 244, 257, 267, 268, 273, 290, 293, 295]
244:86:[195, 196, 215, 242, 244, 257, 267, 268, 273, 290, 293, 295]
257:86:[195, 196, 215, 242, 244, 257, 267, 268, 273, 290, 293, 295]
190:87:[190, 246, 250, 259, 261, 269, 271, 272, 273, 279, 282, 284, 285]
246:87:[190, 246, 250, 259, 261, 269, 271, 272, 273, 279, 282, 284, 285]
250:87:[190, 246, 250, 259, 261, 269, 271, 272, 273, 279, 282, 284, 285]
259:87:[190, 246, 250, 259, 261, 269, 271, 272, 273, 279, 282, 284, 285]
261:87:[190, 246, 250, 259, 261, 269, 271, 272, 273, 279, 282, 284, 285]
269:87:[190, 246, 250, 259, 261, 269, 271, 272, 273, 279, 282, 284, 285]
271:87:[190, 246, 250, 259, 261, 269, 271, 272, 273, 279, 282, 284, 285]
0:88:[0, 190, 246, 259, 261, 269, 271, 272, 273, 276, 279, 280, 282, 284, 285]
190:88:[0, 190, 246, 259, 261, 269, 271, 272, 273, 276, 279, 280, 282, 284, 285]
246:88:[0, 190, 246, 259, 261, 269, 271, 272, 273, 276, 279, 280, 282, 284, 285]
259:88:[0, 190, 246, 259, 261, 269, 271, 272, 273, 276, 279, 280, 282, 284, 285]
261:88:[0, 190, 246, 259, 261, 269, 271, 272, 273, 276, 279, 280, 282, 284, 285]
269:88:[0, 190, 246, 259, 261, 269, 271, 272, 273, 276, 279, 280, 282, 284, 285]
271:88:[0, 190, 246, 259, 261, 269, 271, 272, 273, 276, 279, 280, 282, 284, 285]
272:88:[0, 190, 246, 259, 261, 269, 271, 272, 273, 276, 279, 280, 282, 284, 285]
223:89:[189, 204, 223, 228, 229, 239, 252, 286, 295]
228:89:[189, 204, 223, 228, 229, 239, 252, 286, 295]
229:89:[189, 204, 223, 228, 229, 239, 252, 286, 295]
189:89:[189, 204, 223, 228, 229, 239, 252, 286, 295]
204:89:[189, 204, 223, 228, 229, 239, 252, 286, 295]
204:90:[10, 65, 96, 136, 189, 204, 223, 228, 229, 239, 252, 286, 295]
223:90:[10, 65, 96, 136, 189, 204, 223, 228, 229, 239, 252, 286, 295]
10:90:[10, 65, 96, 136, 189, 204, 223, 228, 229, 239, 252, 286, 295]
65:90:[10, 65, 96, 136, 189, 204, 223, 228, 229, 239, 252, 286, 295]
96:90:[10, 65, 96, 136, 189, 204, 223, 228, 229, 239, 252, 286, 295]
136:90:[10, 65, 96, 136, 189, 204, 223, 228, 229, 239, 252, 286, 295]
189:90:[10, 65, 96, 136, 189, 204, 223, 228, 229, 239, 252, 286, 295]
199:91:[199, 208, 215, 221, 224, 231, 235, 257, 290, 293, 295]
208:91:[199, 208, 215, 221, 224, 231, 235, 257, 290, 293, 295]
215:91:[199, 208, 215, 221, 224, 231, 235, 257, 290, 293, 295]
221:91:[199, 208, 215, 221, 224, 231, 235, 257, 290, 293, 295]
224:91:[199, 208, 215, 221, 224, 231, 235, 257, 290, 293, 295]
231:91:[199, 208, 215, 221, 224, 231, 235, 257, 290, 293, 295]
199:92:[199, 201, 208, 221, 224, 231, 235, 290, 293, 295]
201:92:[199, 201, 208, 221, 224, 231, 235, 290, 293, 295]
208:92:[199, 201, 208, 221, 224, 231, 235, 290, 293, 295]
221:92:[199, 201, 208, 221, 224, 231, 235, 290, 293, 295]
224:92:[199, 201, 208, 221, 224, 231, 235, 290, 293, 295]
231:92:[199, 201, 208, 221, 224, 231, 235, 290, 293, 295]
226:93:[23, 154, 226, 248, 288, 293]
23:93:[23, 154, 226, 248, 288, 293]
154:93:[23, 154, 226, 248, 288, 293]
248:93:[23, 154, 226, 248, 288, 293]
178:94:[178, 226, 248, 270, 293]
226:94:[178, 226, 248, 270, 293]
248:94:[178, 226, 248, 270, 293]
206:95:[26, 79, 130, 138, 187, 202, 203, 206, 210, 219, 243, 282, 284, 285, 290, 295]
210:95:[26, 79, 130, 138, 187, 202, 203, 206, 210, 219, 243, 282, 284, 285, 290, 295]
26:95:[26, 79, 130, 138, 187, 202, 203, 206, 210, 219, 243, 282, 284, 285, 290, 295]
79:95:[26, 79, 130, 138, 187, 202, 203, 206, 210, 219, 243, 282, 284, 285, 290, 295]
130:95:[26, 79, 130, 138, 187, 202, 203, 206, 210, 219, 243, 282, 284, 285, 290, 295]
138:95:[26, 79, 130, 138, 187, 202, 203, 206, 210, 219, 243, 282, 284, 285, 290, 295]
187:95:[26, 79, 130, 138, 187, 202, 203, 206, 210, 219, 243, 282, 284, 285, 290, 295]
202:95:[26, 79, 130, 138, 187, 202, 203, 206, 210, 219, 243, 282, 284, 285, 290, 295]
203:95:[26, 79, 130, 138, 187, 202, 203, 206, 210, 219, 243, 282, 284, 285, 290, 295]
60:96:[60, 75, 187, 202, 203, 206, 210, 219, 243, 257, 264, 279, 280, 282, 284, 285, 290, 295]
75:96:[60, 75, 187, 202, 203, 206, 210, 219, 243, 257, 264, 279, 280, 282, 284, 285, 290, 295]
187:96:[60, 75, 187, 202, 203, 206, 210, 219, 243, 257, 264, 279, 280, 282, 284, 285, 290, 295]
202:96:[60, 75, 187, 202, 203, 206, 210, 219, 243, 257, 264, 279, 280, 282, 284, 285, 290, 295]
203:96:[60, 75, 187, 202, 203, 206, 210, 219, 243, 257, 264, 279, 280, 282, 284, 285, 290, 295]
206:96:[60, 75, 187, 202, 203, 206, 210, 219, 243, 257, 264, 279, 280, 282, 284, 285, 290, 295]
210:96:[60, 75, 187, 202, 203, 206, 210, 219, 243, 257, 264, 279, 280, 282, 284, 285, 290, 295]
219:96:[60, 75, 187, 202, 203, 206, 210, 219, 243, 257, 264, 279, 280, 282, 284, 285, 290, 295]
243:96:[60, 75, 187, 202, 203, 206, 210, 219, 243, 257, 264, 279, 280, 282, 284, 285, 290, 295]
257:96:[60, 75, 187, 202, 203, 206, 210, 219, 243, 257, 264, 279, 280, 282, 284, 285, 290, 295]
227:97:[194, 227, 230, 249, 250, 263, 264, 272, 279, 280, 282, 284, 285]
230:97:[194, 227, 230, 249, 250, 263, 264, 272, 279, 280, 282, 284, 285]
249:97:[194, 227, 230, 249, 250, 263, 264, 272, 279, 280, 282, 284, 285]
250:97:[194, 227, 230, 249, 250, 263, 264, 272, 279, 280, 282, 284, 285]
263:97:[194, 227, 230, 249, 250, 263, 264, 272, 279, 280, 282, 284, 285]
264:97:[194, 227, 230, 249, 250, 263, 264, 272, 279, 280, 282, 284, 285]
194:97:[194, 227, 230, 249, 250, 263, 264, 272, 279, 280, 282, 284, 285]
272:98:[176, 194, 227, 230, 249, 263, 264, 272, 276, 279, 280, 282, 284, 285]
176:98:[176, 194, 227, 230, 249, 263, 264, 272, 276, 279, 280, 282, 284, 285]
194:98:[176, 194, 227, 230, 249, 263, 264, 272, 276, 279, 280, 282, 284, 285]
227:98:[176, 194, 227, 230, 249, 263, 264, 272, 276, 279, 280, 282, 284, 285]
230:98:[176, 194, 227, 230, 249, 263, 264, 272, 276, 279, 280, 282, 284, 285]
249:98:[176, 194, 227, 230, 249, 263, 264, 272, 276, 279, 280, 282, 284, 285]
263:98:[176, 194, 227, 230, 249, 263, 264, 272, 276, 279, 280, 282, 284, 285]
264:98:[176, 194, 227, 230, 249, 263, 264, 272, 276, 279, 280, 282, 284, 285]
49:99:[49, 58, 70, 73, 214, 295]
58:99:[49, 58, 70, 73, 214, 295]
70:99:[49, 58, 70, 73, 214, 295]
73:99:[49, 58, 70, 73, 214, 295]
13:100:[13, 37, 117, 288, 294]
37:100:[13, 37, 117, 288, 294]
117:100:[13, 37, 117, 288, 294]
